composer,piece,n,S,A,W
Bach,BWV806_01_Prelude_reviewed,149,0.5436241610738255,0.2751677852348993,0.18120805369127516
Bach,BWV806_02_Allemande_reviewed,103,0.6990291262135923,0.2524271844660194,0.04854368932038835
Bach,BWV806_03_Courante_I_reviewed,78,0.6153846153846154,0.24358974358974358,0.14102564102564102
Bach,BWV806_04_Courante_II_reviewed,80,0.55,0.35,0.1
Bach,BWV806_05_Double_I_reviewed,85,0.5176470588235295,0.3411764705882353,0.1411764705882353
Bach,BWV806_06_Double_II_reviewed,82,0.6463414634146342,0.21951219512195122,0.13414634146341464
Bach,BWV806_07_Sarabande_reviewed,53,0.6792452830188679,0.20754716981132076,0.11320754716981132
Bach,BWV806_08_Bouree_I_reviewed,115,0.5739130434782609,0.2,0.22608695652173913
Bach,BWV806_09_Bouree_II_reviewed,93,0.3978494623655914,0.3548387096774194,0.24731182795698925
Bach,BWV806_10_Gigue_reviewed,104,0.7211538461538461,0.16346153846153846,0.11538461538461539
Bach,BWV807_01_Prelude_reviewed,513,0.5009746588693957,0.34307992202729043,0.15594541910331383
Bach,BWV807_02_Allemande_reviewed,104,0.5769230769230769,0.27884615384615385,0.14423076923076922
Bach,BWV807_03_Courante_reviewed,84,0.5476190476190477,0.2857142857142857,0.16666666666666666
Bach,BWV807_04a_Agrements_de_la_Sarabande_reviewed,54,0.46296296296296297,0.3333333333333333,0.2037037037037037
Bach,BWV807_04_Sarabande_reviewed,53,0.33962264150943394,0.4339622641509434,0.22641509433962265
Bach,BWV807_05_Bourree_I_reviewed,98,0.6428571428571429,0.17346938775510204,0.1836734693877551
Bach,BWV807_06_Bourree_II_reviewed,49,0.6122448979591837,0.1836734693877551,0.20408163265306123
Bach,BWV807_07_Gigue_reviewed,117,0.7094017094017094,0.1623931623931624,0.1282051282051282
Bach,BWV808_01_Prelude_reviewed,274,0.6313868613138686,0.25547445255474455,0.11313868613138686
Bach,BWV808_02_Allemande_reviewed,101,0.6336633663366337,0.24752475247524752,0.1188118811881188
Bach,BWV808_03_Courante_reviewed,117,0.6410256410256411,0.20512820512820512,0.15384615384615385
Bach,BWV808_04a_Agrements_de_la_Sarabande_reviewed,29,0.5517241379310345,0.27586206896551724,0.1724137931034483
Bach,BWV808_04_Sarabande_reviewed,29,0.5517241379310345,0.27586206896551724,0.1724137931034483
Bach,BWV808_05_Gavotte_I_reviewed,80,0.425,0.425,0.15
Bach,BWV808_06_Gavotte_II_reviewed,48,0.1875,0.625,0.1875
Bach,BWV808_07_Gigue_reviewed,182,0.38461538461538464,0.4725274725274725,0.14285714285714285
Bach,BWV809_01_Prelude_reviewed,428,0.616822429906542,0.2803738317757009,0.102803738317757
Bach,BWV809_02_Allemande_reviewed,78,0.6794871794871795,0.28205128205128205,0.038461538461538464
Bach,BWV809_03_Courante_reviewed,50,0.62,0.24,0.14
Bach,BWV809_04_Sarabande_reviewed,43,0.627906976744186,0.2558139534883721,0.11627906976744186
Bach,BWV809_05_Menuett_I_reviewed,59,0.5254237288135594,0.3050847457627119,0.1694915254237288
Bach,BWV809_06_Menuett_II_reviewed,59,0.6779661016949152,0.2033898305084746,0.11864406779661017
Bach,BWV809_07_Gigue_reviewed,137,0.5985401459854015,0.2116788321167883,0.1897810218978102
Bach,BWV810_01_Prelude_reviewed,358,0.7793296089385475,0.1452513966480447,0.07541899441340782
Bach,BWV810_02_Allemande_reviewed,104,0.5961538461538461,0.3076923076923077,0.09615384615384616
Bach,BWV810_03_Courante_reviewed,64,0.578125,0.328125,0.09375
Bach,BWV810_04_Sarabande_reviewed,78,0.3974358974358974,0.3974358974358974,0.20512820512820512
Bach,BWV810_05_Passepied_I_reviewed,170,0.6176470588235294,0.2235294117647059,0.1588235294117647
Bach,BWV810_06_Passepied_II_reviewed,55,0.4,0.43636363636363634,0.16363636363636364
Bach,BWV810_07_Gigue_reviewed,169,0.5207100591715976,0.3076923076923077,0.17159763313609466
Bach,BWV811_01_Prelude_reviewed,529,0.6238185255198487,0.2722117202268431,0.10396975425330812
Bach,BWV811_02_Allemande_reviewed,80,0.625,0.275,0.1
Bach,BWV811_03_Courante_reviewed,119,0.5714285714285714,0.2773109243697479,0.15126050420168066
Bach,BWV811_04_Sarabande_reviewed,47,0.5957446808510638,0.2553191489361702,0.14893617021276595
Bach,BWV811_05_Double_reviewed,47,0.7021276595744681,0.2127659574468085,0.0851063829787234
Bach,BWV811_06_Gavotte_I_reviewed,77,0.6493506493506493,0.2077922077922078,0.14285714285714285
Bach,BWV811_07_Gavotte_II_reviewed,60,0.31666666666666665,0.4166666666666667,0.26666666666666666
Bach,BWV811_08_Gigue_reviewed,202,0.33663366336633666,0.48514851485148514,0.1782178217821782
Bach,BWV812_01_Allemande_reviewed,104,0.7596153846153846,0.18269230769230768,0.057692307692307696
Bach,BWV812_02_Courante_reviewed,70,0.7285714285714285,0.2,0.07142857142857142
Bach,BWV812_03_Sarabande_reviewed,47,0.5531914893617021,0.2553191489361702,0.19148936170212766
Bach,BWV812_04_Menuett_I_reviewed,49,0.5306122448979592,0.3673469387755102,0.10204081632653061
Bach,BWV812_05_Menuett_II_reviewed,45,0.8222222222222222,0.13333333333333333,0.044444444444444446
Bach,BWV812_06_Gigue_reviewed,91,0.6813186813186813,0.21978021978021978,0.0989010989010989
Bach,BWV813_01_Allemande_reviewed,78,0.6282051282051282,0.16666666666666666,0.20512820512820512
Bach,BWV813_02_Courante_reviewed,132,0.5151515151515151,0.3333333333333333,0.15151515151515152
Bach,BWV813_03_Sarabande_reviewed,68,0.5,0.38235294117647056,0.11764705882352941
Bach,BWV813_04_Air_reviewed,79,0.43037974683544306,0.31645569620253167,0.25316455696202533
Bach,BWV813_05_Menuett_reviewed,56,0.5178571428571429,0.3392857142857143,0.14285714285714285
Bach,BWV813_06_Gigue_reviewed,94,0.6702127659574468,0.18085106382978725,0.14893617021276595
Bach,BWV814_01_Allemande_reviewed,125,0.456,0.36,0.184
Bach,BWV814_02_Courante_reviewed,81,0.5308641975308642,0.2962962962962963,0.1728395061728395
Bach,BWV814_03_Sarabande_reviewed,58,0.3448275862068966,0.603448275862069,0.05172413793103448
Bach,BWV814_04_Gavotte_reviewed,77,0.4675324675324675,0.33766233766233766,0.19480519480519481
Bach,BWV814_05_Menuett_reviewed,63,0.6031746031746031,0.12698412698412698,0.2698412698412698
Bach,BWV814_06_Trio_reviewed,51,0.4117647058823529,0.49019607843137253,0.09803921568627451
Bach,BWV814_07_Gigue_reviewed,133,0.45864661654135336,0.37593984962406013,0.16541353383458646
Bach,BWV815_01_Allemande_reviewed,75,0.7066666666666667,0.12,0.17333333333333334
Bach,BWV815_02_Courante_reviewed,57,0.5614035087719298,0.2631578947368421,0.17543859649122806
Bach,BWV815_03_Sarabande_reviewed,43,0.6976744186046512,0.18604651162790697,0.11627906976744186
Bach,BWV815_04_Gavotte_reviewed,70,0.6571428571428571,0.17142857142857143,0.17142857142857143
Bach,BWV815_05_Air_reviewed,62,0.6290322580645161,0.25806451612903225,0.11290322580645161
Bach,BWV815_06_Menuett_reviewed,34,0.4117647058823529,0.38235294117647056,0.20588235294117646
Bach,BWV815_07_Gigue_reviewed,88,0.5454545454545454,0.26136363636363635,0.19318181818181818
Bach,BWV816_01_Allemande_reviewed,100,0.75,0.19,0.06
Bach,BWV816_02_Courante_reviewed,55,0.5818181818181818,0.3090909090909091,0.10909090909090909
Bach,BWV816_03_Sarabande_reviewed,67,0.6119402985074627,0.3283582089552239,0.05970149253731343
Bach,BWV816_04_Gavotte_reviewed,40,0.6,0.1,0.3
Bach,BWV816_05_Bourree_reviewed,58,0.6896551724137931,0.20689655172413793,0.10344827586206896
Bach,BWV816_06_Loure_reviewed,43,0.7209302325581395,0.2558139534883721,0.023255813953488372
Bach,BWV816_07_Gigue_reviewed,127,0.8110236220472441,0.08661417322834646,0.10236220472440945
Bach,BWV817_01_Allemande_reviewed,71,0.7183098591549296,0.2676056338028169,0.014084507042253521
Bach,BWV817_02_Courante_reviewed,66,0.7424242424242424,0.13636363636363635,0.12121212121212122
Bach,BWV817_03_Sarabande_reviewed,48,0.5625,0.2708333333333333,0.16666666666666666
Bach,BWV817_04_Gavotte_reviewed,40,0.575,0.25,0.175
Bach,BWV817_05_Polonaise_reviewed,49,0.5918367346938775,0.24489795918367346,0.16326530612244897
Bach,BWV817_06_Bourree_reviewed,73,0.726027397260274,0.136986301369863,0.136986301369863
Bach,BWV817_07_Gigue_reviewed,94,0.7021276595744681,0.19148936170212766,0.10638297872340426
Bach,BWV817_08_Menuett_reviewed,28,0.4642857142857143,0.32142857142857145,0.21428571428571427
Bach,BWV1001_01_Adagio_reviewed,60,0.5333333333333333,0.38333333333333336,0.08333333333333333
Bach,BWV1001_02_Fuga_reviewed,232,0.4525862068965517,0.4353448275862069,0.11206896551724138
Bach,BWV1001_03_Siciliano_reviewed,84,0.4880952380952381,0.35714285714285715,0.15476190476190477
Bach,BWV1001_04_Presto_reviewed,171,0.5964912280701754,0.24561403508771928,0.15789473684210525
Bach,BWV1002_01_Allemanda_reviewed,82,0.6219512195121951,0.23170731707317074,0.14634146341463414
Bach,BWV1002_02_Double_reviewed,78,0.5128205128205128,0.3333333333333333,0.15384615384615385
Bach,BWV1002_03_Corrente_reviewed,105,0.4857142857142857,0.37142857142857144,0.14285714285714285
Bach,BWV1002_04_Double_reviewed,111,0.4594594594594595,0.3153153153153153,0.22522522522522523
Bach,BWV1002_05_Sarabande_reviewed,62,0.5,0.4032258064516129,0.0967741935483871
Bach,BWV1002_06_Double_reviewed,49,0.4489795918367347,0.5102040816326531,0.04081632653061224
Bach,BWV1002_07_TempoDiBorea_reviewed,78,0.46153846153846156,0.358974358974359,0.1794871794871795
Bach,BWV1002_08_Double_reviewed,86,0.4186046511627907,0.3488372093023256,0.23255813953488372
Bach,BWV1003_01_Grave_reviewed,76,0.40789473684210525,0.3684210526315789,0.2236842105263158
Bach,BWV1003_02_Fuga_reviewed,406,0.4014778325123153,0.4211822660098522,0.17733990147783252
Bach,BWV1003_03_Andante_reviewed,55,0.6,0.2909090909090909,0.10909090909090909
Bach,BWV1003_04_Allegro_reviewed,184,0.5163043478260869,0.3858695652173913,0.09782608695652174
Bach,BWV1004_01_Allemande_reviewed,85,0.43529411764705883,0.47058823529411764,0.09411764705882353
Bach,BWV1004_02_Courante_reviewed,70,0.4857142857142857,0.32857142857142857,0.18571428571428572
Bach,BWV1005_02_Fuga_reviewed,584,0.488013698630137,0.386986301369863,0.125
Bach,BWV1006_04_Menuett_reviewed,98,0.5306122448979592,0.24489795918367346,0.22448979591836735
Bach,BWV1006_05_Bourée_reviewed,44,0.4772727272727273,0.29545454545454547,0.22727272727272727
Bach,BWV1006_06_Gigue_reviewed,42,0.6666666666666666,0.11904761904761904,0.21428571428571427
Bach,BWV1007_01_Prelude_reviewed,44,0.4772727272727273,0.2727272727272727,0.25
Bach,BWV1007_02_Allemande_reviewed,58,0.6724137931034483,0.22413793103448276,0.10344827586206896
Bach,BWV1007_03_Courante_reviewed,60,0.6333333333333333,0.13333333333333333,0.23333333333333334
Bach,BWV1007_04_Sarabande_reviewed,32,0.53125,0.28125,0.1875
Bach,BWV1007_05_MenuetI_reviewed,30,0.5,0.26666666666666666,0.23333333333333334
Bach,BWV1007_06_MenuetII_reviewed,28,0.5357142857142857,0.39285714285714285,0.07142857142857142
Bach,BWV1007_07_Gique_reviewed,49,0.42857142857142855,0.2653061224489796,0.30612244897959184
Bach,BWV1008_01_Prelude_reviewed,78,0.5512820512820513,0.3333333333333333,0.11538461538461539
Bach,BWV1008_02_Allemande_reviewed,62,0.532258064516129,0.3225806451612903,0.14516129032258066
Bach,BWV1008_03_Courante_reviewed,42,0.5476190476190477,0.2857142857142857,0.16666666666666666
Bach,BWV1008_04_Sarabande_reviewed,39,0.46153846153846156,0.358974358974359,0.1794871794871795
Bach,BWV1008_05_MenuetI_reviewed,35,0.5428571428571428,0.42857142857142855,0.02857142857142857
Bach,BWV1008_06_MenuetII_reviewed,23,0.4782608695652174,0.30434782608695654,0.21739130434782608
Bach,BWV1008_07_Gique_reviewed,83,0.42168674698795183,0.42168674698795183,0.1566265060240964
Bach,BWV1009_01_Prelude_reviewed,79,0.6708860759493671,0.20253164556962025,0.12658227848101267
Bach,BWV1009_02_Allemande_reviewed,96,0.4791666666666667,0.3645833333333333,0.15625
Bach,BWV1009_03_Courante_reviewed,68,0.4852941176470588,0.3382352941176471,0.17647058823529413
Bach,BWV1009_04_Sarabande_reviewed,37,0.4594594594594595,0.43243243243243246,0.10810810810810811
Bach,BWV1009_05_BourréeI_reviewed,44,0.45454545454545453,0.11363636363636363,0.4318181818181818
Bach,BWV1009_06_BourréeII_reviewed,30,0.4666666666666667,0.3,0.23333333333333334
Bach,BWV1009_07_Gique_reviewed,89,0.5168539325842697,0.33707865168539325,0.14606741573033707
Bach,BWV1010_01_Prelude_reviewed,56,0.5357142857142857,0.26785714285714285,0.19642857142857142
Bach,BWV1010_02_Allemande_reviewed,85,0.6,0.29411764705882354,0.10588235294117647
Bach,BWV1010_03_Courante_reviewed,88,0.6590909090909091,0.22727272727272727,0.11363636363636363
Bach,BWV1010_04_Sarabande_reviewed,43,0.6046511627906976,0.3488372093023256,0.046511627906976744
Bach,BWV1010_05_BourreeI_reviewed,68,0.4264705882352941,0.27941176470588236,0.29411764705882354
Bach,BWV1010_06_BourreeII_reviewed,23,0.6086956521739131,0.21739130434782608,0.17391304347826086
Bach,BWV1010_07_Gique_reviewed,70,0.6285714285714286,0.1,0.2714285714285714
Bach,BWV1011_01_Prelude_reviewed,279,0.4157706093189964,0.4551971326164875,0.12903225806451613
Bach,BWV1011_02_Allemande_reviewed,56,0.5892857142857143,0.26785714285714285,0.14285714285714285
Bach,BWV1011_03_Courante_reviewed,61,0.5245901639344263,0.3442622950819672,0.13114754098360656
Bach,BWV1011_04_Sarabande_reviewed,22,0.6818181818181818,0.13636363636363635,0.18181818181818182
Bach,BWV1011_05_GavotteI_reviewed,61,0.4918032786885246,0.36065573770491804,0.14754098360655737
Bach,BWV1011_06_GavotteII_reviewed,57,0.19298245614035087,0.42105263157894735,0.38596491228070173
Bach,BWV1011_07_Gique_reviewed,61,0.45901639344262296,0.4262295081967213,0.11475409836065574
Bach,BWV1012_01_Prelude_reviewed,140,0.5285714285714286,0.32142857142857145,0.15
Bach,BWV1012_02_Allemande_reviewed,65,0.676923076923077,0.2153846153846154,0.1076923076923077
Bach,BWV1012_03_Courante_reviewed,76,0.4605263157894737,0.35526315789473684,0.18421052631578946
Bach,BWV1012_04_Sarabande_reviewed,41,0.5121951219512195,0.3902439024390244,0.0975609756097561
Bach,BWV1012_05_GavotteI_reviewed,51,0.6862745098039216,0.21568627450980393,0.09803921568627451
Bach,BWV1012_06_GavotteII_reviewed,48,0.5416666666666666,0.16666666666666666,0.2916666666666667
Bach,BWV1012_07_Gique_reviewed,73,0.6712328767123288,0.0958904109589041,0.2328767123287671
Bach,BWV1013_01_Allemande_reviewed,138,0.38405797101449274,0.45652173913043476,0.15942028985507245
Bach,BWV1013_02_Corrente_reviewed,103,0.6893203883495146,0.20388349514563106,0.10679611650485436
Bach,BWV1013_03_Sarabande_reviewed,54,0.5,0.3333333333333333,0.16666666666666666
Bach,BWV1013_04_BourreeAnglaise_reviewed,75,0.5866666666666667,0.18666666666666668,0.22666666666666666
Mozart,K279-1_reviewed,196,0.6071428571428571,0.22448979591836735,0.1683673469387755
Mozart,K279-2_reviewed,118,0.4322033898305085,0.3305084745762712,0.23728813559322035
Mozart,K279-3_reviewed,278,0.5,0.3345323741007194,0.16546762589928057
Mozart,K280-1_reviewed,190,0.5210526315789473,0.28421052631578947,0.19473684210526315
Mozart,K280-2_reviewed,84,0.42857142857142855,0.4642857142857143,0.10714285714285714
Mozart,K280-3_reviewed,170,0.36470588235294116,0.4470588235294118,0.18823529411764706
Mozart,K281-1_reviewed,153,0.5751633986928104,0.23529411764705882,0.1895424836601307
Mozart,K281-2_reviewed,110,0.4727272727272727,0.3090909090909091,0.21818181818181817
Mozart,K281-3_reviewed,296,0.5202702702702703,0.32094594594594594,0.15878378378378377
Mozart,K282-1_reviewed,77,0.44155844155844154,0.37662337662337664,0.18181818181818182
Mozart,K282-2_reviewed,91,0.46153846153846156,0.27472527472527475,0.26373626373626374
Mozart,K282-3_reviewed,129,0.4496124031007752,0.2868217054263566,0.26356589147286824
Mozart,K283-1_reviewed,227,0.44493392070484583,0.42731277533039647,0.1277533039647577
Mozart,K283-2_reviewed,127,0.36220472440944884,0.3858267716535433,0.25196850393700787
Mozart,K283-3_reviewed,241,0.4730290456431535,0.35684647302904565,0.17012448132780084
Mozart,K284-1_reviewed,238,0.42857142857142855,0.4495798319327731,0.12184873949579832
Mozart,K284-2_reviewed,172,0.48255813953488375,0.20348837209302326,0.313953488372093
Mozart,K284-3_reviewed,600,0.61,0.25,0.14
Mozart,K309-1_reviewed,213,0.5258215962441315,0.27230046948356806,0.20187793427230047
Mozart,K309-2_reviewed,188,0.46808510638297873,0.3670212765957447,0.16489361702127658
Mozart,K309-3_reviewed,304,0.5361842105263158,0.17105263157894737,0.29276315789473684
Mozart,K310-1_reviewed,243,0.6337448559670782,0.17695473251028807,0.18930041152263374
Mozart,K310-2_reviewed,179,0.4748603351955307,0.39106145251396646,0.1340782122905028
Mozart,K310-3_reviewed,371,0.33962264150943394,0.42857142857142855,0.23180592991913745
Mozart,K311-1_reviewed,251,0.4860557768924303,0.27091633466135456,0.24302788844621515
Mozart,K311-2_reviewed,191,0.5497382198952879,0.1518324607329843,0.29842931937172773
Mozart,K311-3_reviewed,345,0.5739130434782609,0.24347826086956523,0.1826086956521739
Mozart,K330-1_reviewed,203,0.4433497536945813,0.29064039408866993,0.2660098522167488
Mozart,K330-2_reviewed,129,0.5426356589147286,0.18604651162790697,0.2713178294573643
Mozart,K330-3_reviewed,251,0.46215139442231074,0.13545816733067728,0.40239043824701193
Mozart,K331-1_reviewed,286,0.5034965034965035,0.25524475524475526,0.24125874125874125
Mozart,K331-2_reviewed,118,0.5423728813559322,0.22033898305084745,0.23728813559322035
Mozart,K331-3_reviewed,106,0.5754716981132075,0.11320754716981132,0.3113207547169811
Mozart,K332-1_reviewed,274,0.5474452554744526,0.19708029197080293,0.25547445255474455
Mozart,K332-2_reviewed,121,0.5867768595041323,0.2066115702479339,0.2066115702479339
Mozart,K332-3_reviewed,365,0.4602739726027397,0.32054794520547947,0.2191780821917808
Mozart,K333-1_reviewed,360,0.43333333333333335,0.41944444444444445,0.14722222222222223
Mozart,K333-2_reviewed,163,0.44785276073619634,0.3312883435582822,0.22085889570552147
Mozart,K333-3_reviewed,368,0.6059782608695652,0.21467391304347827,0.1793478260869565
Mozart,K457-1_reviewed,226,0.3495575221238938,0.3584070796460177,0.2920353982300885
Mozart,K457-2_reviewed,160,0.48125,0.175,0.34375
Mozart,K457-3_reviewed,270,0.42592592592592593,0.35185185185185186,0.2222222222222222
Mozart,K533-1_reviewed,439,0.45785876993166286,0.37813211845102507,0.16400911161731208
Mozart,K533-2_reviewed,185,0.5513513513513514,0.2702702702702703,0.1783783783783784
Mozart,K533-3_reviewed,320,0.54375,0.221875,0.234375
Mozart,K545-1_reviewed,96,0.6145833333333334,0.125,0.2604166666666667
Mozart,K545-2_reviewed,113,0.4690265486725664,0.21238938053097345,0.3185840707964602
Mozart,K545-3_reviewed,116,0.646551724137931,0.1810344827586207,0.1724137931034483
Mozart,K570-1_reviewed,208,0.5144230769230769,0.1875,0.2980769230769231
Mozart,K570-2_reviewed,189,0.582010582010582,0.20634920634920634,0.21164021164021163
Mozart,K570-3_reviewed,210,0.5285714285714286,0.3,0.17142857142857143
Mozart,K576-1_reviewed,224,0.40625,0.32142857142857145,0.27232142857142855
Mozart,K576-2_reviewed,107,0.4392523364485981,0.2897196261682243,0.27102803738317754
Mozart,K576-3_reviewed,321,0.4766355140186916,0.32398753894080995,0.19937694704049844
Beethoven,01-1_reviewed,160,0.575,0.275,0.15
Beethoven,01-2_reviewed,122,0.45081967213114754,0.319672131147541,0.22950819672131148
Beethoven,01-3_reviewed,101,0.32673267326732675,0.48514851485148514,0.18811881188118812
Beethoven,01-4_reviewed,265,0.539622641509434,0.19245283018867926,0.2679245283018868
Beethoven,02-1_reviewed,363,0.39118457300275483,0.34710743801652894,0.26170798898071623
Beethoven,02-2_reviewed,164,0.5121951219512195,0.25609756097560976,0.23170731707317074
Beethoven,02-3_reviewed,89,0.43820224719101125,0.30337078651685395,0.25842696629213485
Beethoven,02-4_reviewed,218,0.5825688073394495,0.15137614678899083,0.26605504587155965
Beethoven,03-1_reviewed,331,0.486404833836858,0.2809667673716012,0.2326283987915408
Beethoven,03-2_reviewed,179,0.5027932960893855,0.3128491620111732,0.18435754189944134
Beethoven,03-3_reviewed,136,0.3602941176470588,0.40441176470588236,0.23529411764705882
Beethoven,03-4_reviewed,710,0.3267605633802817,0.4352112676056338,0.2380281690140845
Beethoven,05-1_reviewed,210,0.4238095238095238,0.319047619047619,0.2571428571428571
Beethoven,05-2_reviewed,139,0.5323741007194245,0.18705035971223022,0.2805755395683453
Beethoven,05-3_reviewed,238,0.5084033613445378,0.2815126050420168,0.21008403361344538
Beethoven,06-1_reviewed,210,0.5238095238095238,0.20952380952380953,0.26666666666666666
Beethoven,06-2_reviewed,164,0.6341463414634146,0.2621951219512195,0.10365853658536585
Beethoven,06-3_reviewed,237,0.3924050632911392,0.2742616033755274,0.3333333333333333
Beethoven,07-1_reviewed,447,0.4697986577181208,0.2975391498881432,0.232662192393736
Beethoven,07-2_reviewed,168,0.43452380952380953,0.35119047619047616,0.21428571428571427
Beethoven,07-3_reviewed,60,0.6,0.1,0.3
Beethoven,07-4_reviewed,225,0.4177777777777778,0.3377777777777778,0.24444444444444444
Beethoven,08-1_reviewed,382,0.5,0.32722513089005234,0.17277486910994763
Beethoven,08-2_reviewed,116,0.646551724137931,0.0603448275862069,0.29310344827586204
Beethoven,08-3_reviewed,269,0.5353159851301115,0.26022304832713755,0.20446096654275092
Beethoven,09-1_reviewed,267,0.48314606741573035,0.31835205992509363,0.19850187265917604
Beethoven,09-2_reviewed,182,0.5,0.2802197802197802,0.21978021978021978
Beethoven,09-3_reviewed,229,0.37117903930131,0.388646288209607,0.24017467248908297
Beethoven,10-1_reviewed,241,0.5850622406639004,0.23651452282157676,0.17842323651452283
Beethoven,10-2_reviewed,265,0.5358490566037736,0.17358490566037735,0.29056603773584905
Beethoven,10-3_reviewed,246,0.47560975609756095,0.3089430894308943,0.21544715447154472
Beethoven,16-1_reviewed,220,0.5681818181818182,0.20909090909090908,0.22272727272727272
Beethoven,16-2_reviewed,176,0.5397727272727273,0.30113636363636365,0.1590909090909091
Beethoven,16-3_reviewed,516,0.5135658914728682,0.25775193798449614,0.22868217054263565
Beethoven,17-1_reviewed,231,0.4025974025974026,0.27705627705627706,0.3203463203463203
Beethoven,17-2_reviewed,135,0.5259259259259259,0.2740740740740741,0.2
Beethoven,17-3_reviewed,229,0.5807860262008734,0.18340611353711792,0.23580786026200873
Beethoven,18-1_reviewed,211,0.5497630331753555,0.17061611374407584,0.2796208530805687
Beethoven,18-2_reviewed,219,0.4703196347031963,0.3059360730593607,0.2237442922374429
Beethoven,18-3_reviewed,118,0.5254237288135594,0.22033898305084745,0.2542372881355932
Beethoven,18-4_reviewed,209,0.44976076555023925,0.11004784688995216,0.44019138755980863
Beethoven,19-1_reviewed,125,0.488,0.296,0.216
Beethoven,19-2_reviewed,288,0.4236111111111111,0.3958333333333333,0.18055555555555555
Beethoven,20-1_reviewed,191,0.5287958115183246,0.19895287958115182,0.27225130890052357
Beethoven,20-2_reviewed,131,0.5114503816793893,0.17557251908396945,0.31297709923664124
Beethoven,21-1_reviewed,398,0.45979899497487436,0.3391959798994975,0.20100502512562815
Beethoven,21-2_reviewed,47,0.5531914893617021,0.2765957446808511,0.1702127659574468
Beethoven,21-3_reviewed,510,0.3352941176470588,0.34901960784313724,0.3156862745098039
Beethoven,23-1_reviewed,300,0.4666666666666667,0.3,0.23333333333333334
Beethoven,23-2_reviewed,157,0.5159235668789809,0.19745222929936307,0.28662420382165604
Beethoven,23-3_reviewed,243,0.49382716049382713,0.345679012345679,0.16049382716049382
Beethoven,24-1_reviewed,191,0.5863874345549738,0.17801047120418848,0.2356020942408377
Beethoven,24-2_reviewed,236,0.5211864406779662,0.2288135593220339,0.25
Beethoven,26-1_reviewed,362,0.39779005524861877,0.287292817679558,0.3149171270718232
Beethoven,26-2_reviewed,79,0.4177215189873418,0.189873417721519,0.3924050632911392
Beethoven,26-3_reviewed,216,0.6574074074074074,0.10648148148148148,0.2361111111111111
Beethoven,30-1_reviewed,208,0.32211538461538464,0.3894230769230769,0.28846153846153844
Beethoven,30-2_reviewed,260,0.36923076923076925,0.4230769230769231,0.2076923076923077
Beethoven,30-3_reviewed,416,0.5504807692307693,0.2644230769230769,0.18509615384615385
Beethoven,31-1_reviewed,231,0.4675324675324675,0.29004329004329005,0.24242424242424243
Beethoven,31-2_reviewed,153,0.40522875816993464,0.3790849673202614,0.21568627450980393
Beethoven,31-3_reviewed,464,0.47629310344827586,0.3146551724137931,0.20905172413793102
Beethoven,32-1_reviewed,383,0.45691906005221933,0.3394255874673629,0.20365535248041775
Beethoven,32-2_reviewed,608,0.4292763157894737,0.26644736842105265,0.3042763157894737
Beethoven,n01op18-1_01_reviewed,269,0.4721189591078067,0.3382899628252788,0.1895910780669145
Beethoven,n01op18-1_02_reviewed,196,0.4744897959183674,0.3163265306122449,0.20918367346938777
Beethoven,n01op18-1_03_reviewed,137,0.45985401459854014,0.30656934306569344,0.23357664233576642
Beethoven,n01op18-1_04_reviewed,388,0.5515463917525774,0.14432989690721648,0.30412371134020616
Beethoven,n02op18-2_01_reviewed,382,0.5392670157068062,0.15968586387434555,0.3010471204188482
Beethoven,n02op18-2_02_reviewed,117,0.5128205128205128,0.15384615384615385,0.3333333333333333
Beethoven,n02op18-2_03_reviewed,93,0.6021505376344086,0.13978494623655913,0.25806451612903225
Beethoven,n02op18-2_04_reviewed,319,0.54858934169279,0.20376175548589343,0.2476489028213166
Beethoven,n03op18-3_01_reviewed,279,0.5161290322580645,0.23655913978494625,0.24731182795698925
Beethoven,n03op18-3_02_reviewed,288,0.46875,0.34375,0.1875
Beethoven,n03op18-3_03_reviewed,191,0.4712041884816754,0.31413612565445026,0.21465968586387435
Beethoven,n03op18-3_04_reviewed,413,0.513317191283293,0.3026634382566586,0.18401937046004843
Beethoven,n04op18-4_01_reviewed,384,0.4322916666666667,0.2630208333333333,0.3046875
Beethoven,n04op18-4_02_reviewed,250,0.592,0.18,0.228
Beethoven,n04op18-4_03_reviewed,99,0.5353535353535354,0.2222222222222222,0.24242424242424243
Beethoven,n04op18-4_04_reviewed,294,0.5340136054421769,0.23809523809523808,0.22789115646258504
Beethoven,n05op18-5_01_reviewed,316,0.5189873417721519,0.2310126582278481,0.25
Beethoven,n05op18-5_02_reviewed,111,0.5765765765765766,0.15315315315315314,0.2702702702702703
Beethoven,n05op18-5_03_reviewed,162,0.5,0.15432098765432098,0.345679012345679
Beethoven,n05op18-5_04_reviewed,420,0.4785714285714286,0.26666666666666666,0.25476190476190474
Beethoven,n06op18-6_01_reviewed,278,0.5359712230215827,0.1223021582733813,0.34172661870503596
Beethoven,n06op18-6_02_reviewed,215,0.4558139534883721,0.2837209302325581,0.26046511627906976
Beethoven,n06op18-6_03_reviewed,115,0.5130434782608696,0.26956521739130435,0.21739130434782608
Beethoven,n06op18-6_04_reviewed,312,0.5288461538461539,0.2467948717948718,0.22435897435897437
Beethoven,n07op59-1_01_reviewed,356,0.5,0.28651685393258425,0.21348314606741572
Beethoven,n07op59-1_02_reviewed,532,0.5507518796992481,0.2424812030075188,0.20676691729323307
Beethoven,n07op59-1_03_reviewed,258,0.49224806201550386,0.22093023255813954,0.2868217054263566
Beethoven,n07op59-1_04_reviewed,530,0.48867924528301887,0.22830188679245284,0.2830188679245283
Beethoven,n08op59-2_01_reviewed,328,0.49085365853658536,0.28353658536585363,0.22560975609756098
Beethoven,n08op59-2_02_reviewed,243,0.4732510288065844,0.32510288065843623,0.20164609053497942
Beethoven,n08op59-2_03_reviewed,183,0.45901639344262296,0.2185792349726776,0.3224043715846995
Beethoven,n08op59-2_04_reviewed,406,0.5541871921182266,0.21182266009852216,0.23399014778325122
Beethoven,n09op59-3_01_reviewed,365,0.5260273972602739,0.22465753424657534,0.2493150684931507
Beethoven,n09op59-3_02_reviewed,333,0.42342342342342343,0.4024024024024024,0.17417417417417416
Beethoven,n09op59-3_03_reviewed,111,0.5765765765765766,0.0990990990990991,0.32432432432432434
Beethoven,n09op59-3_04_reviewed,500,0.596,0.224,0.18
Beethoven,n10op74_01_reviewed,322,0.562111801242236,0.17701863354037267,0.2608695652173913
Beethoven,n10op74_02_reviewed,217,0.5944700460829493,0.23963133640552994,0.16589861751152074
Beethoven,n10op74_03_reviewed,361,0.5457063711911357,0.32132963988919666,0.1329639889196676
Beethoven,n10op74_04_reviewed,248,0.5564516129032258,0.3185483870967742,0.125
Beethoven,n11op95_01_reviewed,173,0.4508670520231214,0.24277456647398843,0.3063583815028902
Beethoven,n11op95_02_reviewed,256,0.58984375,0.19140625,0.21875
Beethoven,n11op95_03_reviewed,264,0.4431818181818182,0.39015151515151514,0.16666666666666666
Beethoven,n11op95_04_reviewed,239,0.4435146443514644,0.26778242677824265,0.28870292887029286
Beethoven,n12op127_01_reviewed,392,0.5306122448979592,0.2627551020408163,0.2066326530612245
Beethoven,n12op127_02_reviewed,342,0.4619883040935672,0.2982456140350877,0.23976608187134502
Beethoven,n12op127_03_reviewed,320,0.421875,0.315625,0.2625
Beethoven,n12op127_04_reviewed,514,0.42996108949416345,0.3404669260700389,0.22957198443579765
Beethoven,n13op130_01_reviewed,522,0.4904214559386973,0.2739463601532567,0.23563218390804597
Beethoven,n13op130_02_reviewed,149,0.5234899328859061,0.28187919463087246,0.19463087248322147
Beethoven,n13op130_03_reviewed,353,0.5694050991501416,0.24362606232294617,0.18696883852691218
Beethoven,n13op130_04_reviewed,192,0.5885416666666666,0.140625,0.2708333333333333
Beethoven,n13op130_05_reviewed,133,0.5263157894736842,0.2706766917293233,0.20300751879699247
Beethoven,n13op130_06_reviewed,519,0.5664739884393064,0.21579961464354527,0.21772639691714837
Beethoven,n14op131_01_reviewed,241,0.4979253112033195,0.24481327800829875,0.2572614107883817
Beethoven,n14op131_02_reviewed,208,0.44711538461538464,0.24519230769230768,0.3076923076923077
Beethoven,n14op131_03_reviewed,18,0.6666666666666666,0.05555555555555555,0.2777777777777778
Beethoven,n14op131_04_reviewed,446,0.5291479820627802,0.242152466367713,0.22869955156950672
Beethoven,n14op131_05_reviewed,385,0.5246753246753246,0.13766233766233765,0.33766233766233766
Beethoven,n14op131_06_reviewed,47,0.6595744680851063,0.14893617021276595,0.19148936170212766
Beethoven,n14op131_07_reviewed,356,0.5393258426966292,0.16573033707865167,0.2949438202247191
Beethoven,n15op132_01_reviewed,416,0.43509615384615385,0.37740384615384615,0.1875
Beethoven,n15op132_02_reviewed,346,0.42196531791907516,0.34104046242774566,0.23699421965317918
Beethoven,n15op132_03_reviewed,388,0.4175257731958763,0.2963917525773196,0.2860824742268041
Beethoven,n15op132_04_reviewed,66,0.4090909090909091,0.25757575757575757,0.3333333333333333
Beethoven,n15op132_05_reviewed,509,0.4243614931237721,0.3143418467583497,0.26129666011787817
Beethoven,n16op135_01_reviewed,295,0.5288135593220339,0.23389830508474577,0.23728813559322035
Beethoven,n16op135_02_reviewed,235,0.4127659574468085,0.3446808510638298,0.2425531914893617
Beethoven,n16op135_03_reviewed,125,0.424,0.224,0.352
Beethoven,n16op135_04_reviewed,375,0.42133333333333334,0.29333333333333333,0.2853333333333333
Chopin,BI105-2op30-2_reviewed,72,0.7083333333333334,0.1527777777777778,0.1388888888888889
Chopin,BI105-3op30-3_reviewed,61,0.5409836065573771,0.19672131147540983,0.26229508196721313
Chopin,BI105-4op30-4_reviewed,169,0.4970414201183432,0.17159763313609466,0.33136094674556216
Chopin,BI115-1op33-1_reviewed,61,0.4426229508196721,0.32786885245901637,0.22950819672131148
Chopin,BI115-2op33-2_reviewed,127,0.5196850393700787,0.2204724409448819,0.25984251968503935
Chopin,BI115-3op33-3_reviewed,42,0.5952380952380952,0.11904761904761904,0.2857142857142857
Chopin,BI115-4op33-4_reviewed,278,0.5611510791366906,0.1079136690647482,0.33093525179856115
Chopin,BI122op41-2_reviewed,75,0.56,0.13333333333333333,0.30666666666666664
Chopin,BI126-1op41-4_reviewed,96,0.75,0.11458333333333333,0.13541666666666666
Chopin,BI126-3op41-1_reviewed,145,0.4,0.3103448275862069,0.2896551724137931
Chopin,BI126-4op41-3_reviewed,65,0.5538461538461539,0.12307692307692308,0.3230769230769231
Chopin,BI134_reviewed,179,0.4748603351955307,0.26256983240223464,0.26256983240223464
Chopin,BI140_reviewed,169,0.5680473372781065,0.2603550295857988,0.17159763313609466
Chopin,BI145-1op50-1_reviewed,127,0.6299212598425197,0.14173228346456693,0.2283464566929134
Chopin,BI145-2op50-2_reviewed,113,0.5663716814159292,0.18584070796460178,0.24778761061946902
Chopin,BI145-3op50-3_reviewed,211,0.5071090047393365,0.24644549763033174,0.24644549763033174
Chopin,BI153-1op56-1_reviewed,295,0.5694915254237288,0.15254237288135594,0.27796610169491526
Chopin,BI153-2op56-2_reviewed,119,0.5714285714285714,0.226890756302521,0.20168067226890757
Chopin,BI153-3op56-3_reviewed,274,0.4562043795620438,0.30656934306569344,0.23722627737226276
Chopin,BI157-1op59-1_reviewed,160,0.625,0.24375,0.13125
Chopin,BI157-2op59-2_reviewed,128,0.5546875,0.1875,0.2578125
Chopin,BI157-3op59-3_reviewed,209,0.45933014354066987,0.3062200956937799,0.23444976076555024
Chopin,BI16-1_reviewed,25,0.4,0.4,0.2
Chopin,BI16-2_reviewed,27,0.5925925925925926,0.18518518518518517,0.2222222222222222
Chopin,BI162-1op63-1_reviewed,121,0.48760330578512395,0.21487603305785125,0.2975206611570248
Chopin,BI162-2op63-2_reviewed,50,0.62,0.2,0.18
Chopin,BI162-3op63-3_reviewed,85,0.5882352941176471,0.12941176470588237,0.2823529411764706
Chopin,BI163op67-4_reviewed,60,0.6333333333333333,0.1,0.26666666666666666
Chopin,BI167op67-2_reviewed,68,0.6911764705882353,0.16176470588235295,0.14705882352941177
Chopin,BI168op68-4_reviewed,55,0.6727272727272727,0.21818181818181817,0.10909090909090909
Chopin,BI18op68-2_reviewed,83,0.5421686746987951,0.04819277108433735,0.40963855421686746
Chopin,BI34op68-3_reviewed,97,0.29896907216494845,0.38144329896907214,0.31958762886597936
Chopin,BI38op68-1_reviewed,97,0.5876288659793815,0.1134020618556701,0.29896907216494845
Chopin,BI60-1op06-1_reviewed,132,0.6818181818181818,0.14393939393939395,0.17424242424242425
Chopin,BI60-2op06-2_reviewed,62,0.5645161290322581,0.11290322580645161,0.3225806451612903
Chopin,BI60-3op06-3_reviewed,75,0.5066666666666667,0.17333333333333334,0.32
Chopin,BI60-4op06-4_reviewed,41,0.7560975609756098,0.24390243902439024,0.0
Chopin,BI61-1op07-1_reviewed,60,0.5166666666666667,0.016666666666666666,0.4666666666666667
Chopin,BI61-2op07-2_reviewed,93,0.6774193548387096,0.17204301075268819,0.15053763440860216
Chopin,BI61-3op07-3_reviewed,100,0.61,0.11,0.28
Chopin,BI61-4op07-4_reviewed,87,0.5057471264367817,0.3448275862068966,0.14942528735632185
Chopin,BI61-5op07-5_reviewed,8,0.75,0.0,0.25
Chopin,BI71_reviewed,56,0.6428571428571429,0.23214285714285715,0.125
Chopin,BI73_reviewed,26,0.5769230769230769,0.23076923076923078,0.19230769230769232
Chopin,BI77-1op17-1_reviewed,72,0.6805555555555556,0.05555555555555555,0.2638888888888889
Chopin,BI77-2op17-2_reviewed,84,0.47619047619047616,0.3333333333333333,0.19047619047619047
Chopin,BI77-3op17-3_reviewed,116,0.3706896551724138,0.49137931034482757,0.13793103448275862
Chopin,BI77-4op17-4_reviewed,136,0.4117647058823529,0.3161764705882353,0.27205882352941174
Chopin,BI85_reviewed,71,0.8450704225352113,0.014084507042253521,0.14084507042253522
Chopin,BI89-1op24-1_reviewed,59,0.6610169491525424,0.06779661016949153,0.2711864406779661
Chopin,BI89-2op24-2_reviewed,185,0.4756756756756757,0.20540540540540542,0.31891891891891894
Chopin,BI89-3op24-3_reviewed,44,0.5227272727272727,0.3409090909090909,0.13636363636363635
Chopin,BI89-4op24-4_reviewed,132,0.6590909090909091,0.1893939393939394,0.15151515151515152
Chopin,BI93-1op67-1_reviewed,68,0.7352941176470589,0.1323529411764706,0.1323529411764706
Chopin,BI93-2op67-3_reviewed,53,0.5660377358490566,0.41509433962264153,0.018867924528301886
Liszt,160.01_Chapelle_de_Guillaume_Tell_reviewed,124,0.49193548387096775,0.28225806451612906,0.22580645161290322
Liszt,160.02_Au_Lac_de_Wallenstadt_reviewed,58,0.5,0.06896551724137931,0.43103448275862066
Liszt,160.03_Pastorale_reviewed,147,0.4217687074829932,0.05442176870748299,0.5238095238095238
Liszt,160.04_Au_Bord_dUne_Source_reviewed,268,0.5373134328358209,0.17164179104477612,0.291044776119403
Liszt,160.05_Orage_reviewed,168,0.35119047619047616,0.375,0.27380952380952384
Liszt,160.06_Vallee_dObermann_reviewed,324,0.5246913580246914,0.24382716049382716,0.23148148148148148
Liszt,160.07_Eglogue_reviewed,171,0.6491228070175439,0.1286549707602339,0.2222222222222222
Liszt,160.08_Le_Mal_du_Pays_(Heimweh)_reviewed,162,0.48148148148148145,0.16049382716049382,0.35802469135802467
Liszt,160.09_Les_Cloches_de_Geneve_(Nocturne)_reviewed,114,0.5,0.2894736842105263,0.21052631578947367
Liszt,161.01_Sposalizio_reviewed,153,0.40522875816993464,0.21568627450980393,0.3790849673202614
Liszt,161.02_Il_Pensieroso_reviewed,52,0.5961538461538461,0.28846153846153844,0.11538461538461539
Liszt,161.03_Canzonetta_del_Salvator_Rosa_reviewed,229,0.6200873362445415,0.11353711790393013,0.2663755458515284
Liszt,161.04_Sonetto_47_del_Petrarca_reviewed,108,0.5833333333333334,0.37037037037037035,0.046296296296296294
Liszt,161.05_Sonetto_104_del_Petrarca_reviewed,90,0.5444444444444444,0.18888888888888888,0.26666666666666666
Liszt,161.06_Sonetto_123_del_Petrarca_reviewed,99,0.494949494949495,0.26262626262626265,0.24242424242424243
Liszt,161.07_Apres_une_lecture_du_Dante_reviewed,375,0.416,0.352,0.232
Liszt,162.01_Gondoliera_reviewed,70,0.5571428571428572,0.08571428571428572,0.35714285714285715
Liszt,162.02_Canzone_reviewed,52,0.38461538461538464,0.3269230769230769,0.28846153846153844
Liszt,162.03_Tarantella_da_Guillaume_Louis_Cottrau._Presto_e_canzone_napolitana_reviewed,483,0.391304347826087,0.3830227743271222,0.22567287784679088
All,BWV806_01_Prelude_reviewed,149,0.5436241610738255,0.2751677852348993,0.18120805369127516
All,BWV806_02_Allemande_reviewed,103,0.6990291262135923,0.2524271844660194,0.04854368932038835
All,BWV806_03_Courante_I_reviewed,78,0.6153846153846154,0.24358974358974358,0.14102564102564102
All,BWV806_04_Courante_II_reviewed,80,0.55,0.35,0.1
All,BWV806_05_Double_I_reviewed,85,0.5176470588235295,0.3411764705882353,0.1411764705882353
All,BWV806_06_Double_II_reviewed,82,0.6463414634146342,0.21951219512195122,0.13414634146341464
All,BWV806_07_Sarabande_reviewed,53,0.6792452830188679,0.20754716981132076,0.11320754716981132
All,BWV806_08_Bouree_I_reviewed,115,0.5739130434782609,0.2,0.22608695652173913
All,BWV806_09_Bouree_II_reviewed,93,0.3978494623655914,0.3548387096774194,0.24731182795698925
All,BWV806_10_Gigue_reviewed,104,0.7211538461538461,0.16346153846153846,0.11538461538461539
All,BWV807_01_Prelude_reviewed,513,0.5009746588693957,0.34307992202729043,0.15594541910331383
All,BWV807_02_Allemande_reviewed,104,0.5769230769230769,0.27884615384615385,0.14423076923076922
All,BWV807_03_Courante_reviewed,84,0.5476190476190477,0.2857142857142857,0.16666666666666666
All,BWV807_04a_Agrements_de_la_Sarabande_reviewed,54,0.46296296296296297,0.3333333333333333,0.2037037037037037
All,BWV807_04_Sarabande_reviewed,53,0.33962264150943394,0.4339622641509434,0.22641509433962265
All,BWV807_05_Bourree_I_reviewed,98,0.6428571428571429,0.17346938775510204,0.1836734693877551
All,BWV807_06_Bourree_II_reviewed,49,0.6122448979591837,0.1836734693877551,0.20408163265306123
All,BWV807_07_Gigue_reviewed,117,0.7094017094017094,0.1623931623931624,0.1282051282051282
All,BWV808_01_Prelude_reviewed,274,0.6313868613138686,0.25547445255474455,0.11313868613138686
All,BWV808_02_Allemande_reviewed,101,0.6336633663366337,0.24752475247524752,0.1188118811881188
All,BWV808_03_Courante_reviewed,117,0.6410256410256411,0.20512820512820512,0.15384615384615385
All,BWV808_04a_Agrements_de_la_Sarabande_reviewed,29,0.5517241379310345,0.27586206896551724,0.1724137931034483
All,BWV808_04_Sarabande_reviewed,29,0.5517241379310345,0.27586206896551724,0.1724137931034483
All,BWV808_05_Gavotte_I_reviewed,80,0.425,0.425,0.15
All,BWV808_06_Gavotte_II_reviewed,48,0.1875,0.625,0.1875
All,BWV808_07_Gigue_reviewed,182,0.38461538461538464,0.4725274725274725,0.14285714285714285
All,BWV809_01_Prelude_reviewed,428,0.616822429906542,0.2803738317757009,0.102803738317757
All,BWV809_02_Allemande_reviewed,78,0.6794871794871795,0.28205128205128205,0.038461538461538464
All,BWV809_03_Courante_reviewed,50,0.62,0.24,0.14
All,BWV809_04_Sarabande_reviewed,43,0.627906976744186,0.2558139534883721,0.11627906976744186
All,BWV809_05_Menuett_I_reviewed,59,0.5254237288135594,0.3050847457627119,0.1694915254237288
All,BWV809_06_Menuett_II_reviewed,59,0.6779661016949152,0.2033898305084746,0.11864406779661017
All,BWV809_07_Gigue_reviewed,137,0.5985401459854015,0.2116788321167883,0.1897810218978102
All,BWV810_01_Prelude_reviewed,358,0.7793296089385475,0.1452513966480447,0.07541899441340782
All,BWV810_02_Allemande_reviewed,104,0.5961538461538461,0.3076923076923077,0.09615384615384616
All,BWV810_03_Courante_reviewed,64,0.578125,0.328125,0.09375
